2509.13310
2509.13294
2509.13262
2509.13215
2509.13211
2509.13160
2509.13134
2509.13107
2509.13056
2509.13044
2509.13037
2509.13032
2509.13030
2509.13027
2509.13001
2509.12980
2509.12926
2509.12918
2509.12917
2509.12915
2509.12901
2509.12863
2509.12791
2509.12783
2509.12772
2509.12748
2509.12746
2509.12740
2509.12739
2509.12716
2509.12714
2509.12596
2509.12595
2509.12586
2509.12544
2509.12540
2509.12534
2509.12511
2509.12508
2509.12484
2509.12467
2509.12462
2509.12454
2509.12452
2509.12430
2509.12419
2509.12401
2509.12387
2509.12380
2509.12375
